4972 3308 1707 6194 8728 7749 3700 840 1671 555
9312 1936 7296 7482 1262 9843 5353 7480 2716 9534
3192 6397 4334 3027 4723 3171 547 7389 3125 2027
4196 7517 9637 9660 452 8188 4252 5392 8350 3783
8333 706 2106 2676 3395 6420 7682 4975 3202 5105
9025 9648 5812 7436 5596 9080 531 22 6140 6303
8727 1920 4960 9398 52 1111 1077 1024 2404 6735
5272 1019 5682 7570 8180 4104 524 1726 8017 3516
1562 7551 2422 4250 1723 5520 4316 7998 6038 9781
5162 2915 2030 9934 2086 1295 8318 6153 3692 7479
9573 3680 4294 3286 7225 5775 1728 191 5554 183
200 4954 4488 6996 2089 1686 6577 7183 1664 8930
7614 634 2525 3469 3299 9266 1593 9880 8843 788
1554 7865 6962 4628 3446 9756 6084 6053 8952 961
989 3668 9173 6206 564 7146 6895 3575 7436 7755
8388 9203 1620 906 9641 7281 5166 3294 2520 1962
2192 6791 4131 8950 9936 7215 9436 344 5940 9987
4506 5827 8223 1608 1910 2362 9483 9796 9905 9956
6848 3572 7997 9878 3937 3058 819 2809 6239 971
3308 8459 7799 8020 7861 9421 2087 593 1046 2613
5608 8659 6811 3560 1721 8566 3087 3076 8560 6540
5855 9160 524 5839 2699 1761 451 7048 7080 7758
644 5202 8414 4175 739 321 7224 8697 136 6573
912 3844 8625 6737 8619 8892 5363 1873 2129 1596
735 7294 4056 3239 5512 8580 7936 955 8289 8494
2933 8779 5922 6904 6745 7827 989 3196 6450 4281
4857 8226 944 3556 2856 618 4378 5762 212 9036
4139 5860 7956 4933 561 2598 9293 2824 3930 6149
9206 7335 1462 7553 8914 9173 7553 6430 8616 6116
7118 5256 7536 6750 9376 1903 6943 4261 3365 5926
7272 5063 2669 1851 8943 7635 2262 9085 932 3925
3757 2427 3557 3316 898 2229 1163 5349 1610 13
5679 2289 828 6842 9182 8163 6796 5279 7694 7218
7715 5678 3492 5687 5739 2250 9383 6013 851 9642
3875 7622 2166 823 2402 459 6994 2277 5984 8540
3517 8937 1166 425 4300 7665 2883 8533 9695 7124
6832 2454 1352 590 7115 6492 378 8651 314 6650
2711 8836 2282 5143 5788 5800 8775 291 7671 7491
5482 7976 638 1304 3643 7324 6282 3043 6534 913
1244 5882 847 495 295 6549 2269 2617 2419 5936
4915 7772 6512 3101 3051 8388 9138 1973 1724 543
9584 1949 1709 9498 1834 235 4142 6332 209 8759
3448 2153 8391 238 2767 7763 9007 1131 6277 443
8165 1320 2733 949 8488 2008 4675 2310 9478 2261
918 6726 7404 3285 798 5267 3200 8061 4031 2466
500 9310 1138 4965 1477 6182 5677 2974 2609 3258
5093 388 531 51 1594 9856 5296 2467 2371 5035
4438 8364 3855 755 8316 2898 1271 3569 9588 8682
5257 3968 4870 8490 7466 8299 1562 2745 7929 8287
9831 7876 7463 5699 9050 2302 4630 647 1424 5238
8959 8252 6966 2558 5591 2941 3693 3529 1565 9394
7616 8510 4785 929 6049 678 853 7000 2712 7512
4317 3668 8581 803 5643 1028 4353 6821 6747 3188
3203 5239 9065 9779 3125 9828 5618 7563 8854 6486
9940 4342 4347 5703 7723 4813 1504 8401 4564 5466
2619 8722 4245 5147 8009 5956 6711 6621 8025 2746
520 6804 867 7701 7306 4499 4744 5276 4860 3677
6556 5208 1435 9428 794 2439 7040 8230 8798 8816
4283 2522 1234 3593 8867 7333 5909 737 6682 1699
2665 4077 48 2183 1103 5473 8996 422 9316 8512
4799 4243 132 937 4319 6376 8013 9637 1340 6115
4079 1634 4935 2888 5649 4948 7543 4488 4396 2031
7198 7146 3465 3666 90 8946 8892 3568 5219 9123
6932 5607 5654 6322 5859 6672 2132 3911 8404 7358
4799 4249 3818 6410 6175 4059 8637 2652 1722 3453
3198 3622 3597 9448 4974 1098 3421 6007 5809 5434
9987 6178 3718 4192 9255 8141 3115 4002 4588 4057
1423 2249 3250 2061 7979 2434 8599 9132 5333 8481
336 7983 6048 6112 8691 1432 6257 7632 8615 2344
8755 329 836 1905 7914 2594 8585 1598 3499 4071
57 6010 1010 4420 1355 2901 8690 7755 4300 6240
5069 814 6786 6714 4860 3197 5892 664 4059 633
4459 6367 5228 3808 9592 9811 2354 5445 6624 5929
4692 9260 8037 7456 3951 18 7734 8174 3788 5866
4331 5316 2327 3360 9559 7064 4357 2511 205 6455
5640 5057 9938 3421 8624 4947 1316 4436 4001 6511
2294 9393 5168 2969 1567 5692 4143 8750 2006 7323
4488 7889 3098 7361 9534 6180 1590 285 842 9420
9860 4603 2746 3510 6036 5238 9566 3364 8226 6247
5266 2530 9593 7745 1546 782 3544 6999 1164 7334
8003 1222 3284 5406 7937 4184 1377 2983 8731 5853
4740 2580 9669 4641 6098 8347 5306 4892 775 4363
9758 2168 2751 3423 949 6573 6558 8044 7274 4147
1254 9190 5777 3476 2265 7238 4374 7671 9039 9875
9972 622 7791 8571 7889 1322 675 8737 87 6085
6858 2220 8484 7107 4542 328 136 7627 9780 9125
1142 6910 3654 6166 4928 3690 3466 4601 8712 8730
8357 6022 7169 2406 2109 4094 4555 918 4429 7472
8367 1563 5621 535 7495 1805 284 7555 9628 2743
3308 6803 6890 8351 8404 3999 535 681 8975 7938
6582 128 8328 3802 2006 2003 9527 3501 2061 9418
2545 2115 8589 1578 7779 8334 2662 3794 6167 9905
1778 2081 1541 992 487 3090 764 8812 9463 7052
2143 6182 5363 3301 3578 8994 5542 2849 3328 2380
7328 6276 9748 8131 1671 4112 4443 4548 7784 516
5408 4977 2297 1282 2091 358 7754 1723 633 2720
5493 624 864 4026 204 3015 9821 4325 8959 5166
5877 5617 129 79 3651 5232 3658 7773 148 6446
9862 2167 8263 9203 4596 126 8160 7646 6581 489
